299
892
468
613
988
29
729
285
634
246
451
840
310
747
492
690
181
104
35
20
217
935
139
561
240
213
795
445
501
978
262
523
485
220
561
865
244
887
874
458
142
355
368
272
97
729
845
371
479
323
839
715
930
944
734
630
624
864
841
566
862
610
505
562
489
280
807
399
319
899
169
171
548
577
31
543
321
199
620
614
438
708
776
926
64
685
338
857
198
806
939
240
85
291
246
45
788
36
259
564
738
542
163
166
3
964
509
337
449
889
143
759
646
648
713
632
720
346
467
719
686
403
766
447
759
554
400
376
314
483
17
170
375
979
850
92
244
15
558
426
188
202
81
593
403
233
285
671
236
884
211
332
259
307
574
655
462
914
899
279
614
443
85
791
563
286
773
908
630
8
94
222
32
854
662
392
727
812
145
942
194
238
856
195
145
17
430
284
407
847
915
77
292
910
466
469
611
348
773
264
130
418
768
433
96
425
11
538
577
789
233
778
812
260
477
441
421
563
700
651
767
366
117
910
921
234
69
66
481
857
544
765
23
192
345
464
912
520
371
625
443
88
304
261
111
939
702
562
347
995
418
398
848
98
132
264
841
201
498
553
707
575
241
94
327
343
349
789
924
471
970
138
497
624
315
173
344
815
936
273
774
895
965
283
311
376
100
893
119
416
765
646
515
356
292
488
990
812
400
502
232
777
660
576
488
979
287
308
314
451
798
283
803
689
224
37
657
475
674
178
344
715
833
318
727
772
517
839
177
353
822
294
744
386
550
128
347
779
261
464
560
395
788
603
269
390
745
824
976
511
921
650
351
742
916
491
626
370
89
142
596
515
698
905
872
118
467
686
551
102
284
460
416
899
350
415
665
34
146
240
922
25
621
58
713
45
936
715
839
858
211
523
394
526
737
12
932
282
303
589
728
358
103
589
644
776
921
289
58
705
600
498
881
556
706
662
993
92
169
497
772
81
992
655
927
918
639
689
608
82
359
290
241
257
257
973
418
958
320
445
629
743
191
856
187
629
853
249
580
271
405
561
356
34
866
417
448
119
32
38
192
569
693
633
95
713
63
314
117
304
239
608
205
888
883
536
306
79
625
200
821
825
334
639
522
210
735
579
425
133
95
365
704
275
592
701
333
371
277
174
872
706
315
990
935
536
551
229
124
199
602
271
385
352
466
959
516
275
650
433
485
427
458
12
140
501
737
579
407
483
654
951
345
145
182
131
735
946
960
91
836
928
709
145
92
934
267
437
293
548
696
761
825
319
539
790
192
394
798
847
579
637
488
512
667
280
103
922
688
620
522
334
837
806
156
507
801
265
125
398
817
687
587
429
592
211
407
64
152
646
722
172
394
309
389
445
842
811
935
64
814
792
57
650
453
269
958
489
180
275
542
869
667
888
410
985
607
685
433
388
584
374
33
287
611
150
162
811
962
263
444
832
142
339
504
588
655
355
52
454
178
401
544
646
265
707
70
827
889
31
815
200
829
797
895
228
23
102
402
556
711
887
9
223
796
746
653
942
919
265
876
567
431
599
928
61
926
917
300
821
171
454
539
414
385
992
641
382
741
55
243
846
205
400
314
633
795
831
506
270
72
885
489
527
910
345
18
614
126
402
209
395
568
198
866
668
665
314
842
26
887
471
935
475
7
725
35
394
759
951
443
119
576
338
623
908
971
851
122
973
189
380
840
435
405
99
719
765
978
728
663
963
633
416
523
481
891
274
913
253
790
254
966
453
906
69
754
191
644
449
875
543
407
434
582
342
622
233
16
933
342
917
698
135
256
279
539
131
716
292
823
62
785
352
213
428
962
617
207
879
146
487
155
566
712
445
990
211
389
540
479
769
962
245
393
847
279
537
659
126
55
87
122
3
295
104
30
193
876
747
817
886
524
968
228
632
132
235
644
564
833
48
577
451
163
501
111
274
643
136
326
276
342
101
268
126
321
580
379
390
492
678
220
9
99
834
306
120
559
688
180
446
436
440
650
649
107
136
153
922
256
9
633
227
606
860
979
212
678
847
544
41
470
134
165
684
638
279
451
346
301
806
59
29
202
930
214
878
280
50
818
260
569
832
408
133
947
232
642
984
223
868
331
477
486
272
151
162
734
236
225
411
131
396
43
140
617
232
992
718
972
168
374
484
650
800
783
960
833
156
262
951
947
528
862
358
408
943
334
688
266
134
57
629
931
651
587
88
706
87
997
373
309
38
889
565
57
359
561
87
332
324
386
773
763
352
158
872
32
431
351
329
68
407
127
318
194
913
460
164
