215
731
526
323
321
913
367
710
824
43
792
609
501
517
726
399
747
654
561
227
133
91
637
491
853
905
290
78
785
71
546
772
683
298
102
820
782
27
381
683
849
155
850
304
121
470
241
661
159
837
71
447
450
382
723
678
35
574
124
288
620
206
32
640
339
75
622
357
889
559
696
93
233
14
961
0
183
227
855
64
463
968
613
862
591
620
776
664
194
959
300
942
714
737
474
693
425
169
752
371
980
738
181
0
989
559
943
237
611
294
427
135
712
979
488
276
855
947
745
126
944
729
469
525
945
166
437
334
714
985
897
145
997
342
47
289
961
122
849
357
706
669
98
371
958
896
93
604
982
206
281
203
655
623
485
694
340
272
124
735
490
78
829
285
183
176
810
67
600
469
307
810
70
651
327
170
4
358
254
131
608
121
117
35
187
407
806
688
463
482
236
676
236
909
672
841
983
517
251
442
335
353
697
345
789
867
86
631
919
647
144
614
289
600
408
66
474
434
526
38
942
290
832
146
421
905
822
570
303
135
941
34
538
853
415
662
290
891
620
982
3
408
23
847
510
679
94
516
22
550
927
27
374
539
620
972
521
943
643
900
13
44
69
880
956
451
417
589
569
301
356
244
980
532
94
82
553
370
692
398
91
767
182
44
73
352
421
454
715
434
619
322
227
943
662
239
210
7
346
953
694
583
794
268
533
311
307
317
176
613
934
699
439
88
527
317
93
639
110
325
952
127
930
554
775
739
981
259
64
782
928
751
373
748
731
202
586
342
617
258
734
133
22
984
268
78
278
489
789
939
460
172
147
570
723
358
84
534
493
209
41
635
941
419
98
512
275
683
1
653
971
38
999
932
130
935
566
852
807
230
357
383
146
967
697
174
980
195
614
803
426
140
818
579
647
753
706
903
84
857
828
863
151
733
600
863
230
670
299
814
878
326
569
929
428
874
774
111
199
237
474
973
256
472
87
730
792
284
272
292
756
490
39
865
231
794
499
962
813
569
869
594
591
686
125
364
591
218
990
994
498
855
338
738
13
545
659
683
589
842
256
637
543
490
296
70
240
883
229
489
171
538
608
946
685
545
262
164
390
266
788
91
175
422
796
349
922
500
451
290
810
85
686
901
48
163
1
347
975
258
571
161
637
23
722
154
990
397
214
773
630
582
261
141
227
582
994
762
933
716
651
492
443
818
406
744
371
955
454
708
542
980
208
436
958
443
604
991
692
772
995
803
802
787
340
428
202
891
362
764
705
45
598
621
636
812
492
522
229
965
420
443
346
557
608
55
410
154
789
172
109
747
376
162
559
292
654
973
240
337
96
601
51
195
73
704
89
985
957
479
761
134
903
367
927
864
119
391
510
473
687
78
515
6
833
950
952
501
927
36
345
59
550
468
678
851
239
170
141
211
395
435
724
321
43
738
888
402
866
526
165
51
775
376
531
105
698
43
505
818
930
220
8
894
161
321
791
704
941
30
550
607
980
370
777
346
515
648
555
880
507
266
612
964
577
799
809
631
216
133
591
232
980
354
11
510
326
612
697
519
359
817
663
393
563
448
636
277
756
206
195
779
576
869
254
561
976
415
497
285
917
360
45
354
393
265
869
271
583
57
752
810
313
702
43
924
604
345
82
974
818
8
323
962
844
605
936
724
497
683
431
151
495
568
551
332
781
982
809
509
690
556
889
743
38
370
679
310
916
666
590
642
440
577
337
895
970
604
653
379
799
376
215
929
993
561
746
34
195
236
453
987
586
201
367
865
443
424
48
489
637
309
5
116
715
333
759
512
73
904
273
282
87
41
28
910
495
816
849
177
279
984
259
254
380
860
54
949
299
437
816
602
621
279
242
329
134
122
986
807
978
363
825
643
901
386
268
196
189
359
609
948
271
174
440
890
562
721
691
262
563
349
884
765
342
740
33
916
287
785
478
656
994
603
792
932
357
504
729
949
223
699
885
871
781
401
880
755
17
4
330
408
815
450
344
541
94
624
703
17
711
136
911
81
774
579
851
784
178
15
697
374
530
216
842
647
413
589
871
724
614
226
349
839
459
611
904
823
776
264
872
500
37
787
17
780
689
526
37
460
65
346
502
362
257
603
963
215
237
319
321
18
52
557
763
47
466
306
823
647
433
798
766
265
403
501
736
598
247
138
170
467
669
694
581
287
703
286
660
515
199
347
610
185
367
698
685
261
177
371
595
473
443
551
295
85
870
987
816
483
724
106
655
657
203
302
131
575
978
919
370
288
807
676
270
453
83
125
801
341
