***Elementos de A que estao em B***
731
367
710
792
609
501
399
747
654
561
133
91
637
491
905
290
78
785
71
683
298
102
820
27
381
683
849
155
304
121
470
661
159
71
447
450
723
35
574
620
32
640
339
75
622
357
889
559
696
183
855
64
968
613
862
620
664
959
300
942
474
425
169
752
371
980
738
989
559
237
427
979
488
276
855
947
745
126
944
729
469
525
945
166
437
985
145
997
47
849
357
371
958
604
982
203
623
340
272
735
490
78
829
183
67
469
307
4
358
254
131
608
121
117
35
187
407
806
688
482
236
236
672
983
442
353
697
345
867
647
144
408
474
434
38
942
290
832
421
905
822
941
34
538
415
290
891
620
982
3
408
847
679
550
27
539
620
972
643
900
880
417
589
569
356
244
980
553
692
91
767
73
352
421
434
619
210
7
346
953
794
533
311
307
317
613
934
699
527
317
639
325
952
930
554
775
981
64
928
751
731
617
258
133
984
78
278
489
939
172
147
723
358
84
534
493
209
41
941
275
683
1
971
38
999
932
566
357
383
967
697
980
195
803
426
818
579
647
84
857
828
299
814
326
569
929
428
874
199
237
474
973
87
792
272
292
756
490
39
794
499
569
869
686
125
218
990
855
338
738
545
659
683
589
842
637
543
490
296
240
883
229
489
538
608
545
164
390
788
91
175
422
796
922
500
290
686
901
1
347
975
258
161
637
154
990
397
773
630
582
261
141
582
762
933
716
492
443
818
744
371
542
980
208
958
443
604
991
692
803
787
340
428
891
362
764
598
621
812
492
522
229
965
420
443
346
608
55
154
172
109
747
376
559
292
654
973
240
337
96
601
51
195
73
704
89
985
367
391
473
78
515
950
952
501
36
345
550
851
141
395
435
724
738
888
866
165
51
775
376
531
105
698
818
930
220
8
161
791
704
941
30
550
607
980
346
515
555
880
507
612
964
809
216
133
232
980
354
326
612
697
519
359
817
393
563
448
277
756
195
779
576
869
254
561
415
917
360
354
393
869
271
752
924
604
345
974
818
8
844
605
724
683
431
568
982
809
690
556
889
38
679
310
916
666
590
337
970
604
379
376
929
993
561
34
195
236
453
987
201
367
443
489
637
309
5
116
333
759
73
904
282
87
41
28
816
849
177
279
984
254
949
299
437
816
602
621
279
329
825
643
901
386
359
609
948
271
562
721
691
563
33
916
785
478
656
792
932
357
504
729
949
699
885
880
755
4
330
408
450
541
711
911
81
579
851
784
178
697
530
216
842
647
589
724
839
459
904
823
264
872
500
37
787
780
689
37
346
502
362
257
963
237
319
18
47
466
306
823
647
798
766
403
501
736
598
138
467
581
286
515
199
347
610
367
698
261
177
371
595
473
443
295
870
987
816
483
724
106
657
203
131
270
453
125
