***Elementos de A que nao estao em B***
526
323
321
913
824
43
517
726
227
853
546
772
782
850
241
837
382
678
124
288
206
93
233
14
961
0
227
463
591
776
194
714
737
693
181
0
943
611
294
135
712
334
714
897
342
289
961
122
706
669
98
896
93
206
281
655
485
694
124
285
176
810
600
810
70
651
327
170
463
676
909
841
517
251
335
789
86
631
919
614
289
600
66
526
146
570
303
135
853
662
23
510
94
516
22
927
374
521
943
13
44
69
956
451
301
532
94
82
370
398
182
44
454
715
322
227
943
662
239
694
583
268
176
439
88
93
110
127
739
259
782
373
748
202
586
342
734
22
268
789
460
570
635
419
98
512
653
130
935
852
807
230
146
174
614
140
753
706
903
863
151
733
600
863
230
670
878
774
111
256
472
730
284
865
231
962
813
594
591
364
591
994
498
13
256
70
171
946
685
262
266
349
451
810
85
48
163
571
23
722
214
227
994
651
406
955
454
708
436
772
995
802
202
705
45
636
557
410
789
162
957
479
761
134
903
927
864
119
510
687
6
833
927
59
468
678
239
170
211
321
43
402
526
43
505
894
321
370
777
648
266
577
799
631
591
11
510
663
636
206
976
497
285
45
265
583
57
810
313
702
43
82
323
962
936
497
151
495
551
332
781
509
743
370
642
440
577
895
653
799
215
746
586
865
424
48
715
512
273
910
495
259
380
860
54
242
134
122
986
807
978
363
268
196
189
174
440
890
262
349
884
765
342
740
287
994
603
223
871
781
401
17
815
344
94
624
703
17
136
774
15
374
413
871
614
226
349
611
776
17
526
460
65
603
215
321
52
557
763
433
265
247
170
669
694
287
703
660
185
685
551
85
655
302
575
978
919
370
288
807
676
83
801
341
